c763c529-78a2-4107-b7c3-d55e8bd8a6a6 4 4 4 3 0 5 0 0 5 3
f0901df8-ae40-4d00-85eb-cfd11b82a546 3 0 2 5 0 4 2 5 2 4
0d868a1c-c563-4519-99b2-e7d715af58af 4 5 3 3 0 5 5 0 0 2
6f00fd63-7912-429f-8d99-adb977929c34 3 5 3 2 2 3 2 4 4 2
8489ef97-cca4-472d-a1ce-fc636fddb345 4 4 5 4 4 4 3 5 0 0
5a650119-6748-408d-80ec-27f1805db018 5 3 5 5 5 4 0 2 4 2
e88c8ccb-04d7-412c-9b63-cd9bfcb7407d 5 4 5 2 0 0 4 2 0 5
83f56287-d941-4f09-b357-5eb02973cdfb 2 5 3 5 4 0 3 3 5 0
56699a14-3b08-4ae6-840c-b87b21b359a7 4 3 2 5 5 2 4 3 2 2
e0b38da3-f944-416e-bd10-e13e52fba046 5 4 0 2 3 3 0 0 5 2
8f952675-ccbb-49aa-a832-61f7e6e674a7 3 0 5 5 4 3 5 5 4 4
53224e80-af98-4cc7-b854-776c201c39e0 3 4 3 2 0 0 0 2 0 4
4241d61a-3b41-415e-a27b-e947abb0d083 5 0 0 0 0 3 5 4 2 4
eb19ea96-e83c-42ca-b47d-ea54912d97b8 0 4 4 5 3 3 0 5 4 2
ee17604a-e44b-4b2d-8c7c-9ba999415283 4 5 2 0 3 3 4 4 4 3
76c637b6-c0a7-4832-b55b-6bf1d08fec74 5 4 0 5 0 4 2 4 5 2
eaf9b9ba-8281-4d06-8816-3f2e0fb77e28 5 2 2 0 3 4 4 5 0 5
1a8a9ea3-24e2-4975-aa10-b73ae1a822e7 5 3 4 4 4 4 4 0 2 4
ba1a0afc-9c14-4e49-b271-1db96df4dc3e 3 5 4 4 5 2 5 4 5 0
d6ac861e-bc88-4b0a-a732-f57202658a9f 4 5 0 2 3 0 3 5 5 4
d884ac6f-d84f-4db8-9c89-7c4f44dc207e 3 4 3 5 3 0 0 5 5 0
16e5ce96-dff4-48b9-8812-972f861e6d0f 3 3 0 5 0 2 3 4 0 2
d0be8ced-e157-4f06-ac08-b31d601cc158 3 4 2 4 5 2 4 5 4 3
c105ed86-060d-49e9-8670-2415ace4caa3 3 3 3 5 3 3 2 0 3 5
d4db7481-f166-48e5-9b2f-a207ee9d56df 3 5 4 0 4 5 3 0 0 4
fe048a7b-46e4-4116-97e7-b0a5d26e63dc 0 2 0 3 4 4 0 2 5 2
02334b65-38d0-4e90-8da9-d4332b18dc83 3 3 4 3 3 3 4 4 5 2
1c1bdec1-6986-4bf9-adec-67ead44a6cd1 3 0 3 2 0 0 0 0 5 2
01e03e75-1d0d-40da-9c77-6fd1305d931d 2 0 3 0 0 2 2 4 3 2
8f270ef7-6622-4edd-b4ab-d85ad9dae703 5 2 2 3 2 4 3 4 3 5
866e73a6-f7f6-48e0-81f5-340567fbb185 5 0 4 0 5 0 0 2 2 2
0a71b7b4-08ce-4921-a3c5-dcd6528092df 5 4 2 4 2 0 3 0 3 2
32e8835a-0d4b-41cf-b38e-864a55a3bf66 5 5 2 3 2 5 5 3 3 5
e270b726-4036-4008-892b-a0fd45a3b6a8 0 5 4 4 0 5 2 4 2 5
a5674caf-91ee-4dc8-ba05-994da4974d42 4 4 5 3 3 2 5 5 2 0
6014e774-d4f0-45d1-8ee9-71babe1ee6a1 0 3 0 3 0 3 5 3 3 5
e3a95a08-3901-4b0e-8b7d-b8f903f71817 5 4 2 3 5 0 4 0 2 4
eaf9e715-8cfe-4e8e-b491-aeb0b8e27101 5 5 4 5 2 5 0 0 5 0
6ec5a6ef-0c55-428b-871a-8597d3005104 3 0 2 4 5 5 2 3 5 5
b599c930-0a8d-499c-8fa2-5ae8c5c7c8a9 3 0 2 0 0 3 4 5 3 5
2dfe537c-4c51-4dd7-a4b3-4a58acea0bd7 4 0 2 5 2 0 2 2 5 5
a683b014-58b9-4f63-a6d9-fb42ce3d85f8 0 2 2 3 3 0 4 0 3 2
ee61def6-0144-430f-8960-f47fee1f387a 5 0 2 4 2 0 4 5 4 0
bab47ee7-5244-4450-b325-07ab49f6f687 2 5 5 2 3 3 2 3 5 4
68060add-045b-48ba-a3c0-bd348002aaea 4 4 4 0 5 5 0 4 0 0
ac37ddc0-51f7-4515-a2c1-ebe8e97cd3fd 4 0 5 0 2 0 3 4 2 0
837d8043-39d5-4c0e-b230-20fcfa505309 5 0 2 0 0 5 5 4 4 0
fdeac3e9-8365-4549-92b1-4cc62f9dac2a 2 0 4 4 2 4 2 2 0 3
c0f03007-7fe7-40c4-bf45-e6686d67678b 3 2 0 3 3 5 5 5 3 0
d7a712b7-695e-43be-8700-443926a89987 4 3 2 2 3 0 2 4 2 0
25bcf753-d462-451f-824c-4aee7c87b5bf 5 0 3 4 0 0 2 5 4 2
72eaf05d-8125-47f6-ad24-aabaed9767ed 0 3 2 4 4 5 5 0 0 4
a578c63a-7b34-4862-a1f6-c4287d56b180 4 5 0 5 5 5 4 5 0 0
0c5d7a38-51f1-45d1-a6b1-3558068aeef2 2 3 2 3 0 0 3 3 4 3
a2f58b3f-0a03-40eb-abbb-8f147a4a80e1 2 4 3 5 0 2 4 4 0 2
0fa3cdd9-550d-406a-aee2-9e5544e78ab7 0 4 3 5 0 0 3 2 0 0
31e42987-c63e-482e-9f64-f8c5228e2d7f 0 4 0 4 2 3 3 5 4 2
ec25c2b7-5085-4b91-8e10-7d3ebae2a539 2 3 5 5 0 4 5 2 3 3
3df07e2b-0f8f-4243-bd84-10c21c2d7988 4 0 0 4 5 0 0 4 0 0
53265ac9-b3c0-4d5b-98d7-610c13b5d985 4 0 3 4 0 0 2 3 4 4
21f9d873-4685-4c1e-8e66-6cdfa49ba9de 2 5 3 2 5 3 3 0 2 5
fdfdab63-68c3-4c99-8844-0c9bdc4415b5 2 4 5 0 4 0 0 2 2 5
af7503d8-ad4b-432f-822c-97aad54e9ac1 4 2 3 3 2 0 3 3 0 0
deeff822-82f4-4af0-ada8-a16e315015dd 2 2 4 3 3 4 0 4 2 4
c5759cac-736c-4877-ad0a-0b0b977344f3 3 4 0 5 5 2 4 2 4 3
a84b77de-6707-409a-ad61-3f18b7570750 2 4 3 2 4 3 0 2 3 2
89e4335b-ffc9-4d40-b678-b2db27f9c512 4 3 3 3 3 4 3 5 4 2
167cc65e-2503-40e1-aec9-87909d5910cb 3 2 2 2 0 4 4 0 2 0
9a773d1b-9a11-4736-81fe-96aecb64a84b 2 3 0 2 0 3 0 0 4 3
b833ea9f-371d-4e58-af89-c8ac7377e4ab 4 4 4 4 4 0 0 2 5 3
61a65c55-3073-4d2c-8947-abb2c35ae00c 0 3 3 3 2 5 3 5 3 2
ae7258b3-e41a-4370-8ae8-3166a15e50db 0 3 3 3 5 2 3 3 4 5
e756cfab-35dc-44b2-b2c8-9b4ede37ecbe 2 5 2 0 2 2 4 0 0 5
54490181-b8ac-4d25-87df-18723e3dc49c 5 4 4 4 2 5 4 2 0 4
f70a8e86-8e9f-41cd-a3ea-d53900210326 4 0 2 3 5 4 5 2 4 2
dc20089f-6803-4315-8a64-7640724635b3 2 5 3 3 2 5 4 2 0 5
553a6fd0-f45a-4471-9476-a9748f98e168 5 3 4 0 0 5 2 4 2 4
97ea5866-aab3-4f7b-bf23-1e9bd01f9e25 0 4 3 5 4 2 3 2 5 5
92673ddc-f81b-4a3b-847d-63ecadf0935f 5 5 2 0 4 0 5 0 0 4
c36bee1d-cbf5-4ccd-b82d-3207dd67d69f 2 3 2 0 0 5 4 3 2 3
01dac347-49a5-4054-aa0e-f00aaf29a407 5 5 3 0 3 2 2 0 5 3
b694c1ae-5f76-497b-9b85-ef4fc166efad 2 4 3 0 4 5 0 5 4 0
6fa0942f-8ad5-4d2e-a6a6-f013e75a1559 0 5 5 2 2 3 2 5 0 5
f119455c-a990-4ca8-b9c2-cf898abcda18 5 0 4 4 2 5 4 3 4 2
bd7e1284-426e-4df7-9707-4bcf0c5d4559 2 0 4 3 0 3 3 0 4 0
71650fe1-30e1-41e1-9364-dbd7ffb69619 5 0 3 2 5 0 5 4 5 5
6d0069e7-8711-42b3-9ba6-7ce9c15b21c5 3 4 0 3 0 2 2 2 3 0
3db33479-4d5d-4607-b4e8-5c6fb6478529 0 3 2 4 3 3 0 3 3 3
35122cac-be22-4a9d-90bf-a4ba8f2ce02a 5 3 5 0 0 5 3 0 2 5
f8fe77c0-3f08-4d25-a3c7-b668ef9128ce 2 0 2 0 3 4 4 2 0 0
6e5d3618-c598-4735-941a-ab93f5b255db 4 3 0 3 3 0 3 3 4 5
026df3f9-7526-4dbf-b7a1-00f06682c9e7 5 4 4 3 0 4 3 5 2 2
fcf78f2c-1cd0-4f6e-a7ad-909ff44e741d 5 5 0 4 0 2 2 4 4 0
e788155e-f3dc-46a6-b3a8-73b2790b0e4b 4 4 3 4 4 0 5 2 0 3
78a929f5-0fac-4d54-83a1-206cc6b0d9a3 2 4 3 4 2 5 2 4 0 4
473b4742-6f6f-49f7-bcfe-9a0d6748af75 4 5 0 0 5 2 3 4 0 2
cf06ea24-6684-4faa-9a56-dbfca59b4dd1 0 3 4 5 3 3 0 0 2 3
ff72dddd-9d80-4c99-b91a-c7dda48c2c38 0 5 4 2 2 2 4 2 4 0
7db31a2a-9dbf-46a6-ace4-0a1a891d984f 3 4 4 2 5 5 0 2 0 5
826fd155-418b-4eca-96ab-0923383170ed 5 0 0 2 2 4 4 4 2 0